0 86 0.44
1 93 0.02
2 87 0.034
3 113 0.04
4 85 0.015
5 93 0.016
6 92 0.014
7 86 0.018
8 92 0.016
9 79 0.016
10 107 0.018
11 93 0.017
12 99 0.015
13 107 0.019
14 93 0.017
15 100 0.016
16 100 0.014
17 86 0.01
18 107 0.027
19 79 0.022
20 78 0.016
21 93 0.016
22 92 0.013
23 92 0.016
24 93 0.015
25 100 0.018
26 97 0.028
27 99 0.015
28 101 0.018
29 100 0.017
30 88 0.013
31 114 0.018
32 100 0.018
33 99 0.022
34 99 0.016
35 103 0.015
36 93 0.015
37 86 0.016
38 92 0.013
39 86 0.013
40 85 0.013
41 95 0.013
42 85 0.018
43 100 0.013
44 85 0.01
45 86 0.011
46 92 0.011
47 94 0.013
48 92 0.009
49 107 0.014
50 78 0.009
51 113 0.018
52 86 0.008
53 107 0.012
54 86 0.072
55 99 0.014
56 85 0.015
57 92 0.01
58 78 0.009
59 100 0.012
60 106 0.018
61 85 0.007
62 85 0.007
63 93 0.009
64 100 0.01
65 87 0.01
66 99 0.01
67 100 0.015
68 95 0.014
69 93 0.014
70 91 0.01
71 95 0.011
72 92 0.031
73 100 0.014
74 93 0.016
75 100 0.011
76 85 0.007
77 99 0.011
78 93 0.014
79 93 0.008
80 94 0.01
81 92 0.011
82 107 0.012
83 95 0.011
84 99 0.01
85 86 0.009
86 85 0.009
87 86 0.012
88 85 0.009
89 86 0.01
90 107 0.013
91 100 0.013
92 94 0.012
93 86 0.011
94 86 0.01
95 85 0.01
96 100 0.015
97 100 0.011
98 92 0.011
99 93 0.012
100 92 0.01
101 92 0.013
102 99 0.011
103 86 0.01
104 100 0.01
105 79 0.008
106 107 0.009
107 93 0.008
108 93 0.011
109 85 0.007
110 78 0.012
111 93 0.011
112 86 0.01
113 85 0.03
114 93 0.014
115 92 0.011
116 93 0.01
117 100 0.012
118 86 0.01
119 85 0.01
120 86 0.017
121 86 0.012
122 93 0.011
123 94 0.008
124 100 0.012
125 106 0.01
126 114 0.009
127 88 0.008
128 92 0.007
129 99 0.011
130 99 0.009
131 93 0.014
132 99 0.01
133 100 0.012
134 97 0.01
135 92 0.009
136 93 0.011
137 92 0.01
138 79 0.011
139 99 0.012
140 95 0.011
141 93 0.011
142 93 0.01
143 99 0.011
144 92 0.01
145 79 0.01
146 100 0.013
147 92 0.011
148 92 0.015
149 97 0.014
150 113 0.013
151 92 0.011
152 107 0.011
153 100 0.011
154 92 0.01
155 92 0.01
156 95 0.021
157 107 0.039
158 85 0.01
159 100 0.013
160 93 0.012
161 78 0.009
162 87 0.01
163 99 0.063
164 100 0.006
165 85 0.006
166 86 0.008
167 93 0.005
168 93 0.005
169 92 0.004
170 93 0.003
171 94 0.004
172 86 0.004
173 92 0.006
174 86 0.018
175 107 0.005
176 85 0.005
177 92 0.003
178 79 0.004
179 106 0.004
180 106 0.005
181 99 0.004
182 93 0.005
183 89 0.007
184 108 0.005
185 93 0.004
186 93 0.014
187 85 0.005
188 106 0.005
189 93 0.004
190 93 0.004
191 86 0.003
192 92 0.003
193 100 0.003
194 86 0.006
195 106 0.004
196 106 0.005
197 99 0.004
198 93 0.005
199 107 0.004
200 92 0.004
201 96 0.005
202 92 0.003
203 92 0.003
204 100 0.004
205 85 0.004
206 100 0.005
207 78 0.002
208 93 0.003
209 86 0.004
210 92 0.004
211 92 0.003
212 94 0.003
213 100 0.004
214 78 0.004
215 100 0.003
216 85 0.003
217 106 0.006
218 94 0.004
219 79 0.002
220 100 0.008
221 86 0.003
222 85 0.004
223 107 0.003
224 99 0.003
225 93 0.006
226 107 0.003
227 94 0.006
228 93 0.005
229 100 0.009
230 93 0.004
231 93 0.004
232 93 0.004
233 93 0.003
234 79 0.002
235 92 0.003
236 92 0.004
237 95 0.006
238 99 0.008
239 86 0.002
240 99 0.004
241 93 0.003
242 93 0.004
243 97 0.005
244 85 0.002
245 107 0.003
246 100 0.003
247 92 0.01
248 94 0.003
249 92 0.003
250 92 0.002
251 85 0.003
252 97 0.006
253 94 0.003
254 100 0.006
255 93 0.015
256 92 0.007
257 92 0.004
258 86 0.004
259 101 0.005
260 106 0.004
261 100 0.004
262 93 0.003
263 92 0.003
264 92 0.002
265 85 0.003
266 100 0.003
267 86 0.004
268 93 0.004
269 93 0.003
270 92 0.004
271 85 0.004
272 99 0.007
273 79 0.004
274 78 0.01
275 86 0.002
276 85 0.005
277 100 0.021
278 100 0.005
279 92 0.003
280 85 0.002
281 86 0.003
282 86 0.003
283 89 0.004
284 93 0.004
285 106 0.004
286 101 0.005
287 86 0.005
288 86 0.003
289 93 0.004
290 99 0.004
291 99 0.011
292 100 0.005
293 100 0.004
294 93 0.005
295 106 0.004
296 92 0.004
297 79 0.003
298 94 0.005
299 94 0.025
300 93 0.011
301 93 0.004
302 93 0.005
303 100 0.005
304 99 0.004
305 86 0.005
306 100 0.003
307 94 0.004
308 71 0.002
309 86 0.006
310 92 0.005
311 87 0.004
312 100 0.004
313 92 0.003
314 92 0.004
315 93 0.002
316 85 0.002
317 78 0.003
318 108 0.008
319 93 0.004
320 90 0.004
321 85 0.003
322 100 0.003
323 92 0.004
324 86 0.005
325 86 0.004
326 92 0.003
327 98 0.009
328 85 0.004
329 92 0.002
330 100 0.004
331 89 0.003
332 85 0.006
333 72 0.004
334 93 0.003
335 101 0.003
336 100 0.021
337 100 0.004
338 86 0.003
339 85 0.003
340 93 0.002
341 99 0.003
342 93 0.002
343 107 0.005
344 100 0.004
345 99 0.01
346 93 0.003
347 95 0.004
348 99 0.004
349 93 0.004
350 88 0.003
351 92 0.003
352 93 0.003
353 106 0.006
354 98 0.005
355 100 0.002
356 85 0.003
357 99 0.004
358 99 0.005
359 106 0.003
360 92 0.002
361 72 0.002
362 92 0.007
363 99 0.003
364 107 0.004
365 107 0.004
366 93 0.003
367 99 0.004
368 92 0.003
369 96 0.004
370 106 0.002
371 100 0.005
372 101 0.004
373 95 0.004
374 114 0.004
375 106 0.003
376 94 0.005
377 107 0.004
378 85 0.003
379 93 0.006
380 92 0.003
381 102 0.003
382 96 0.006
383 86 0.003
384 99 0.003
385 92 0.003
386 99 0.003
387 99 0.003
388 95 0.006
389 100 0.004
390 93 0.003
391 93 0.003
392 85 0.002
393 93 0.003
394 94 0.004
395 95 0.002
396 107 0.003
397 102 0.005
398 107 0.004
399 99 0.002
400 93 0.003
401 86 0.003
402 93 0.003
403 100 0.003
404 86 0.003
405 101 0.006
406 100 0.002
407 99 0.005
408 92 0.004
409 93 0.007
410 86 0.002
411 93 0.003
412 72 0.002
413 93 0.004
414 93 0.007
415 86 0.002
416 92 0.002
417 107 0.004
418 93 0.003
419 99 0.004
420 108 0.005
421 94 0.004
422 106 0.003
423 85 0.005
424 100 0.003
425 93 0.003
426 100 0.004
427 93 0.002
428 96 0.004
429 107 0.004
430 86 0.004
431 85 0.002
432 88 0.003
433 99 0.002
434 95 0.003
435 93 0.002
436 93 0.002
437 116 0.003
438 92 0.002
439 93 0.002
440 99 0.003
441 85 0.002
442 93 0.003
443 93 0.002
444 85 0.001
445 82 0.003
446 102 0.002
447 100 0.004
448 93 0.002
449 101 0.004
450 93 0.002
451 93 0.004
452 78 0.003
453 93 0.002
454 93 0.005
455 100 0.004
456 100 0.002
457 94 0.003
458 106 0.004
459 94 0.002
460 107 0.004
461 92 0.003
462 93 0.005
463 99 0.003
464 99 0.003
465 92 0.003
466 94 0.003
467 92 0.007
468 93 0.003
469 114 0.005
470 94 0.005
471 93 0.005
472 88 0.005
473 86 0.003
474 113 0.004
475 95 0.004
476 93 0.007
477 92 0.002
478 86 0.002
479 100 0.004
480 99 0.025
481 108 0.004
482 85 0.003
483 86 0.004
484 92 0.002
485 107 0.004
486 100 0.004
487 100 0.006
488 93 0.004
489 92 0.003
490 86 0.003
491 86 0.003
492 89 0.004
493 85 0.007
494 113 0.005
495 93 0.003
496 107 0.003
497 100 0.002
498 107 0.005
499 86 0.003
500 92 0.004
501 78 0.002
502 93 0.007
503 93 0.004
504 108 0.003
505 92 0.002
506 92 0.003
507 93 0.003
508 93 0.002
509 85 0.003
510 107 0.007
511 92 0.003
512 93 0.004
513 108 0.004
514 92 0.004
515 100 0.003
516 93 0.003
517 91 0.005
518 99 0.003
519 89 0.004
520 99 0.003
521 102 0.005
522 100 0.003
523 92 0.003
524 85 0.003
525 93 0.003
526 114 0.028
527 86 0.002
528 106 0.006
529 107 0.004
530 85 0.003
531 92 0.002
532 98 0.004
533 100 0.003
534 95 0.003
535 85 0.003
536 92 0.003
537 97 0.008
538 94 0.004
539 93 0.003
540 92 0.004
541 93 0.003
542 92 0.004
543 93 0.004
544 100 0.003
545 94 0.004
546 85 0.006
547 93 0.004
548 107 0.005
549 98 0.004
550 85 0.002
551 99 0.003
552 101 0.003
553 86 0.003
554 85 0.003
555 99 0.006
556 99 0.003
557 99 0.003
558 100 0.003
559 86 0.004
560 86 0.004
561 86 0.004
562 93 0.002
563 99 0.004
564 86 0.024
565 107 0.004
566 92 0.003
567 99 0.004
568 101 0.003
569 108 0.004
570 85 0.003
571 107 0.004
572 78 0.006
573 93 0.003
574 107 0.005
575 100 0.003
576 93 0.002
577 92 0.003
578 87 0.003
579 93 0.003
580 85 0.002
581 98 0.005
582 92 0.002
583 99 0.002
584 99 0.002
585 92 0.003
586 101 0.006
587 86 0.006
588 99 0.003
589 93 0.004
590 93 0.009
591 92 0.004
592 79 0.003
593 86 0.004
594 101 0.003
595 106 0.003
596 93 0.004
597 98 0.004
598 99 0.004
599 79 0.007
600 92 0.003
601 85 0.003
602 92 0.003
603 93 0.005
604 100 0.005
605 93 0.004
606 95 0.005
607 92 0.003
608 93 0.006
609 93 0.003
610 92 0.002
611 85 0.004
612 99 0.003
613 100 0.003
614 100 0.002
615 92 0.003
616 72 0.003
617 106 0.008
618 79 0.003
619 107 0.005
620 92 0.002
621 107 0.004
622 100 0.003
623 99 0.004
624 107 0.003
625 90 0.006
626 100 0.003
627 99 0.003
628 100 0.003
629 99 0.003
630 99 0.003
631 102 0.004
632 86 0.003
633 93 0.003
634 92 0.005
635 99 0.003
636 99 0.003
637 79 0.002
638 99 0.003
639 86 0.003
640 100 0.003
641 99 0.002
642 92 0.007
643 99 0.003
644 79 0.003
645 85 0.004
646 92 0.003
647 96 0.003
648 99 0.002
649 92 0.003
650 92 0.002
651 86 0.006
652 86 0.002
653 101 0.003
654 86 0.002
655 92 0.002
656 106 0.002
657 100 0.003
658 92 0.002
659 92 0.002
660 71 0.005
661 85 0.002
662 92 0.003
663 100 0.003
664 106 0.003
665 107 0.005
666 85 0.002
667 108 0.002
668 113 0.003
669 85 0.003
670 100 0.004
671 79 0.002
672 92 0.004
673 100 0.003
674 96 0.004
675 92 0.003
676 100 0.003
677 93 0.005
678 85 0.003
679 100 0.003
680 107 0.003
681 93 0.002
682 92 0.002
683 100 0.002
684 107 0.003
685 108 0.004
686 100 0.006
687 97 0.004
688 85 0.002
689 93 0.003
690 114 0.003
691 86 0.003
692 106 0.003
693 93 0.002
694 107 0.004
695 92 0.002
696 92 0.003
697 95 0.005
698 88 0.004
699 93 0.003
700 93 0.003
701 92 0.002
702 106 0.003
703 79 0.006
704 78 0.003
705 101 0.003
706 100 0.003
707 92 0.003
708 85 0.002
709 92 0.002
710 93 0.003
711 107 0.003
712 99 0.006
713 72 0.003
714 85 0.003
715 100 0.003
716 93 0.003
717 100 0.004
718 87 0.003
719 86 0.004
720 107 0.003
721 85 0.003
722 85 0.003
723 99 0.004
724 93 0.004
725 85 0.002
726 100 0.003
727 99 0.006
728 100 0.003
729 99 0.003
730 92 0.002
731 100 0.003
732 108 0.003
733 92 0.003
734 85 0.002
735 85 0.003
736 92 0.006
737 85 0.001
738 101 0.003
739 96 0.002
740 85 0.003
741 92 0.003
742 86 0.004
743 92 0.003
744 85 0.003
745 85 0.006
746 101 0.003
747 106 0.003
748 100 0.003
749 71 0.002
750 90 0.003
751 94 0.004
752 100 0.003
753 92 0.004
754 93 0.005
755 86 0.002
756 95 0.002
757 87 0.001
758 100 0.003
759 93 0.002
760 92 0.002
761 93 0.002
762 94 0.001
763 100 0.004
764 79 0.001
765 99 0.003
766 99 0.003
767 86 0.003
768 94 0.004
769 101 0.003
770 94 0.002
771 100 0.003
772 78 0.005
773 85 0.004
774 100 0.003
775 100 0.004
776 79 0.002
777 100 0.005
778 99 0.004
779 82 0.003
780 93 0.001
781 114 0.003
782 100 0.002
783 85 0.002
784 92 0.002
785 71 0.002
786 95 0.003
787 100 0.004
788 93 0.002
789 92 0.003
790 92 0.003
791 85 0.002
792 78 0.002
793 93 0.003
794 100 0.003
795 93 0.003
796 85 0.002
797 94 0.003
798 100 0.007
799 93 0.004
800 92 0.003
801 79 0.002
802 93 0.002
803 93 0.002
804 90 0.004
805 93 0.003
806 85 0.003
807 93 0.007
808 92 0.002
809 85 0.002
810 85 0.002
811 86 0.002
812 93 0.002
813 92 0.002
814 86 0.002
815 107 0.002
816 87 0.005
817 99 0.002
818 100 0.002
819 93 0.001
820 99 0.002
821 99 0.003
822 92 0.002
823 101 0.002
824 90 0.001
825 100 0.004
826 93 0.001
827 97 0.002
828 100 0.001
829 94 0.002
830 100 0.002
831 99 0.003
832 100 0.002
833 93 0.002
834 94 0.003
835 93 0.003
836 78 0.002
837 93 0.003
838 86 0.003
839 102 0.003
840 89 0.003
841 93 0.003
842 85 0.002
843 85 0.004
844 100 0.002
845 94 0.002
846 93 0.002
847 78 0.002
848 113 0.002
849 99 0.002
850 100 0.002
851 79 0.003
852 86 0.002
853 78 0.002
854 85 0.002
855 100 0.002
856 85 0.001
857 107 0.003
858 89 0.004
859 99 0.003
860 86 0.004
861 108 0.003
862 71 0.001
863 112 0.002
864 93 0.002
865 93 0.001
866 78 0.001
867 86 0.001
868 86 0.002
869 86 0.004
870 99 0.001
871 100 0.002
872 96 0.001
873 99 0.002
874 100 0.002
875 99 0.002
876 100 0.002
877 101 0.002
878 92 0.004
879 93 0.002
880 86 0.001
881 100 0.003
882 92 0.001
883 106 0.003
884 94 0.002
885 100 0.002
886 93 0.002
887 100 0.003
888 86 0.001
889 100 0.002
890 93 0.002
891 106 0.003
892 88 0.002
893 93 0.004
894 85 0.001
895 86 0.006
896 100 0.004
897 78 0.002
898 79 0.003
899 78 0.002
900 92 0.004
901 93 0.002
902 92 0.003
903 86 0.003
904 92 0.006
905 94 0.003
906 78 0.002
907 107 0.003
908 98 0.003
909 86 0.004
910 96 0.003
911 102 0.005
912 93 0.003
913 85 0.005
914 92 0.003
915 92 0.003
916 78 0.002
917 93 0.003
918 93 0.003
919 100 0.004
920 95 0.003
921 99 0.003
922 93 0.005
923 78 0.002
924 101 0.003
925 100 0.004
926 93 0.003
927 93 0.003
928 99 0.002
929 101 0.003
930 92 0.003
931 107 0.007
932 93 0.002
933 92 0.002
934 93 0.002
935 91 0.002
936 100 0.003
937 94 0.004
938 95 0.002
939 92 0.004
940 94 0.005
941 78 0.002
942 79 0.003
943 79 0.002
944 94 0.003
945 93 0.003
946 92 0.003
947 100 0.003
948 93 0.003
949 93 0.006
950 100 0.003
951 85 0.003
952 93 0.003
953 93 0.003
954 79 0.003
955 93 0.002
956 107 0.005
957 93 0.003
958 86 0.006
959 92 0.002
960 106 0.003
961 92 0.003
962 85 0.003
963 96 0.003
964 93 0.003
965 99 0.003
966 86 0.002
967 92 0.003
968 106 0.003
969 93 0.002
970 92 0.003
971 101 0.003
972 92 0.003
973 79 0.002
974 101 0.003
975 94 0.005
976 93 0.002
977 106 0.004
978 85 0.002
979 99 0.005
980 93 0.003
981 106 0.003
982 99 0.003
983 92 0.003
984 89 0.006
985 99 0.003
986 85 0.003
987 114 0.003
988 100 0.003
989 92 0.003
990 92 0.003
991 86 0.002
992 92 0.003
993 85 0.005
994 85 0.002
995 78 0.002
996 85 0.004
997 82 0.002
998 106 0.003
999 93 0.003
93 0.009529999
