0 13 14.4
1 12 6.2
2 10 4.7
3 13 5.7
4 13 5.1
5 13 4.3
6 13 6.2
7 14 5.2
8 11 4.0
9 9 3.7
10 10 2.8
11 11 3.8
12 13 4.5
13 14 4.5
14 8 2.8
15 13 3.9
16 11 3.5
17 12 3.3
18 15 3.6
19 11 3.4
20 15 6.0
21 11 2.2
22 9 2.8
23 12 3.8
24 7 1.2
25 12 3.7
26 11 3.0
27 12 3.5
28 13 3.0
29 11 2.8
30 12 4.0
31 12 3.6
32 12 3.5
33 11 3.3
34 12 3.7
35 12 3.6
36 14 4.2
37 13 3.6
38 13 4.1
39 11 3.1
40 12 3.2
41 8 1.7
42 13 4.0
43 12 3.5
44 12 3.5
45 15 3.6
46 10 3.2
47 11 2.9
48 11 3.0
49 7 1.9
50 13 2.3
51 14 3.7
52 10 3.0
53 12 3.5
54 13 3.2
55 12 3.4
56 10 2.9
57 5 0.8
58 13 3.5
59 14 3.8
60 12 3.3
61 11 2.9
62 12 3.1
63 10 1.5
64 10 2.4
65 12 2.6
66 13 4.2
67 14 3.8
68 13 3.1
69 13 3.9
70 12 3.3
71 14 3.7
72 13 3.0
73 10 2.3
74 13 3.7
75 14 3.4
76 12 3.4
77 12 3.8
78 15 3.0
79 12 3.0
80 13 3.1
81 11 3.6
82 12 2.9
83 11 3.6
84 13 3.5
85 11 2.8
86 13 6.1
87 11 2.9
88 11 2.9
89 11 2.9
90 12 2.8
91 13 4.1
92 12 3.1
93 12 3.0
94 13 3.6
95 10 2.7
96 6 1.0
97 9 2.2
98 8 1.7
99 10 2.9
11 0.01012
